3142
3143
3144
3145
3146
3147
3148
3149
3150
3151
3152
3153
3154
3156
3157
3159
3160
3161
3162
3164
3165
3166
3167
3168
3169
3170
3171
3172
3173
3174
3175
3176
3177
3181
3182
3183
3184
3185
3186
3187
3188
3189
3190
3191
3196
3204
3205
3206
3207
3208
3209
3210
3212
3213
3214
3216
3217
3220
3221
3224
3226
3227
3228
3229
3230
3231
3235
3236
3237
3239
3240
3241
3243
3244
3245
3246
3249
3256
3259
3260
3263
3265
3266
3267
3269
3270
3271
3272
3273
3274
3275
3276
3277
3279
3280
3281
3283
3288
3289
3292
3296
3297
3298
3300
3301
3303
3313
3314
3316
3715
3751
3752
3753
3754
3755
3757
3758
3759
3760
3761
3763
3767
3769
3770
3771
3772
3773
3774
3775
3776
3809
3816
3817
3818
3819
3821
3822
3823
3824
3825
3827
3828
3829
3830
3831
3832
3833
3834
3835
3836
3837
3838
3840
3842
3843
3844
3845
3846
3849
3852
4049
4052
4053
4054
4088
4089
4090
4091
4093
4094
4095
4096
4097
4100
4101
4103
4104
4105
4110
4111
4113
4114
4116
4117
4121
4123
4124
4156
4157
4160
4161
4162
4166
4167
4169
4170
4172
4173
4174
4175
4177
4178
4181
4182
4183
4184
4192
4193
4194
4195
4205
4206
4208
4209
4329
4330
4331
4334
4335
4338
4340
4341
4342
4344
4345
4352
4353
4354
4355
4356
4357
4358
4359
4360
4362
4363
4364
4365
4366
4367
4374
4375
4376
4377
4378
4380
4381
4382
4383
4384
4385
4386
4387
4388
4389
4390
4391
4392
4393
4479
4480
4481
4482
4483
4484
4487
4488
4490
4491
4492
4493
4494
4496
4497
4498
4499
4500
4502
4503
4504
4505
4507
4508
4518
4519
4520
4521
4522
4523
4524
4525
4526
4527
4528
4529
4530
4531
4532
4533
4713
4715
4716
4717
4718
4719
4721
4722
4723
4724
4729
4730
4731
4732
4739
4740
4741
4742
5003
5007
5008
5010
5013
5014
5019
5020
5023
5030
5031
5032
5037
5039
5040
5043
5044
5045
5046
5047
5049
5055
5058
5059
5066
5071
5075
5081
5082
5083
5084
5086
5089
5092
5094
5096
5099
5100
5101
5103
5104
5110
5112
5113
5114
5116
5118
5119
5123
5125
5126
5127
5129
5130
5135
5139
5147
5148
5150
5151
5152
5155
5158
5159
5160
5161
5162
5163
5164
5167
5169
5170
5171
5174
5176
5180
5181
5182
5183
5186
5187
5188
5189
5190
5191
5194
5195
5196
5197
5198
5199
5200
5201
5202
5204
5205
5206
5207
5208
5209
5210
5211
5213
5215
5216
5217
5218
5222
5224
5225
5226
5228
5229
5230
5231
5233
5235
5236
5237
5238
5240
5241
5242
5244
5245
5246
5247
5249
5250
5251
5253
5254
5256
5257
5258
5259
5260
5261
5267
5268
5271
5273
5274
5275
5277
5278
5279
5280
5282
5283
5284
5285
5286
5287
5290
5291
5292
5294
5295
5296
5298
5299
5300
5301
5303
5304
5305
5306
5307
5308
5309
5310
5311
5312
5313
5314
5315
5317
5318
5319
5320
5321
5322
5323
5324
5327
5330
5331
5332
5336
5337
5338
5339
5340
5341
5342
5344
5345
5346
5347
5348
5349
5350
5351
5352
5353
5354
5355
5359
5360
5361
5363
5364
5365
5366
5368
5369
5370
5371
5375
5376
5378
5379
5381
5382
5383
5386
5387
5389
5390
5391
5392
5393
